P = [...
    0 1/2 1/3 1/6;...
    0 1/2 1/4 1/4;...
    1/4 1/4 1/4 1/4;...
    1/10 0 0 9/10];

x0 = [1/3 1/12 1/4 1/3];

N = 1000;
xN = x0*P^N;